
Number of Detectors1



 Number of guns: 1



100

1,1,0,0,0,0,0,0,0,1,G4_Be,186,10000,0,0,0,0,0,100,100,100,108,0.5,0.5,0.5,-0.5,0.5,0.5,-0.5,-0.5,0.5,0.5,0.5,0.5,-0.5,-0.5,0.5,0.5,-0.5,0.5,0.5,-0.5,-0.5,0.5,-0.5,0.5,-0.5,-0.5,0.5,0.5,-0.5,-0.5,-0.5,-0.5,0.5,-0.5,-0.5,-0.5,-0.5,-0.5,-0.5,-0.5,-0.5,0.5,-0.5,0.5,0.5,-0.5,-0.5,-0.5,-0.5,0.5,0.5,-0.5,0.5,-0.5,-0.5,0.5,-0.5,0.5,0.5,-0.5,0.5,-0.5,-0.5,-0.5,0.5,-0.5,0.5,-0.5,-0.5,-0.5,-0.5,-0.5,0.5,0.5,-0.5,0.5,0.5,0.5,0.5,-0.5,0.5,0.5,0.5,-0.5,0.5,-0.5,0.5,0.5,-0.5,-0.5,-0.5,0.5,-0.5,-0.5,0.5,0.5,0.5,0.5,0.5,-0.5,0.5,-0.5,0.5,0.5,0.5,0.5,0.5,-0.5,0,1,100,0,0,1,0,0,100000,100,end,