
Number of Detectors1
000


 Number of guns: 0



100

asd

1,1,0,0,0,0,0,0,0,1,G4_Pb,1,0,0,0,0,0,0,10,10,10,108,0.5,0.5,0.5,-0.5,0.5,0.5,-0.5,-0.5,0.5,0.5,0.5,0.5,-0.5,-0.5,0.5,0.5,-0.5,0.5,0.5,-0.5,-0.5,0.5,-0.5,0.5,-0.5,-0.5,0.5,0.5,-0.5,-0.5,-0.5,-0.5,0.5,-0.5,-0.5,-0.5,-0.5,-0.5,-0.5,-0.5,-0.5,0.5,-0.5,0.5,0.5,-0.5,-0.5,-0.5,-0.5,0.5,0.5,-0.5,0.5,-0.5,-0.5,0.5,-0.5,0.5,0.5,-0.5,0.5,-0.5,-0.5,-0.5,0.5,-0.5,0.5,-0.5,-0.5,-0.5,-0.5,-0.5,0.5,0.5,-0.5,0.5,0.5,0.5,0.5,-0.5,0.5,0.5,0.5,-0.5,0.5,-0.5,0.5,0.5,-0.5,-0.5,-0.5,0.5,-0.5,-0.5,0.5,0.5,0.5,0.5,0.5,-0.5,0.5,-0.5,0.5,0.5,0.5,0.5,0.5,-0.5,1,Co60,0,0,0,0,100,end,